52
301
719
746
615
704
787
316
762
502
242
424
166
734
441
404
522
345
408
11
127
57
621
5
694
312
652
407
624
378
733
273
105
723
568
632
30
542
169
370
728
165
130
420
777
713
544
297
558
72
690
189
460
518
457
464
149
469
311
394
530
452
360
255
527
213
66
668
164
234
644
749
789
731
655
278
61
599
299
362
315
701
596
15
611
139
265
329
540
144
100
533
201
571
50
425
630
510
296
467
260
369
215
563
77
17
129
525
778
275
216
532
63
503
710
437
43
598
555
766
224
494
70
7
543
232
191
512
536
171
781
176
401
177
186
116