234
197
235
168
435
556
214
343
663
661
245
793
206
163
715
172
118
261
88
537
512
409
602
151
601
526
171
723
8
72
760
593
621
194
312
255
749
525
149
164
738
746
156
143
460
422
314
578
753
713
467
96
514
545
267
788
104
690
747
696
510
141
207
316
441
284
17
604
221
311
363
773
285
228
550
519
532
415
464
445
82
112
178
378
497
281
619
443
176
681
135
734
196
576
217
564
731
437
77
242
351
402
130
503
596
259
658
551
370
719
728
299
208
735
798
544
668
671
85
73
289
394
424
471
105
393
266
318
527
612
539
297
59
298
766
20
232
315
115
99
411
785
183
271
137
256
560
531
231
449
201
687
41
205
102
543
283
265
92
3
740
338
300
705
357
571
182
7
364
452
144
211
674
212
74
640
396
258
186
678
522
278
157
495
376
474
51
459
244
425
80
555
429
223
191
448
230
421
558
165
368
15
598
536
180
754
540
198
665
124
389
641
330
420
12
777
202
765
50
622
215
542
565
339
624
296
644
787
691
664
694
275
369
272
475
358
93
4
329
456
781
530
30
704
494
229
360
335
404
655
391
98
21
116
313
392
634
605
309
162
307
491
762
572
382
226
75
733
5
611
139
535
588
100
43
63
706
66
730
618
125
390
702
416
87
291
101
345
177
301
133
732
169
584
304
778
627
61
84
127
647
408
337
372
726
786
342
466
260
780
757
57
362
599
710
46
78
630
737
55
797
799
91
166
434
502
518
673
708
666
652
216
331
273
423
533
290
56
119
792
569
126
341
567
568
504
1
716
158
188
417
789
632
114
638
755
701
237
469
129
669
373
496
407
288
213
722
688
462
413
52
603
563
70
350
146
138
615
401
388
457
224
11
189
336