19
155
346
360
300
338
378
164
368
246
125
217
81
355
223
204
254
177
206
7
60
22
303
4
334
160
315
205
305
192
354
139
50
348
281
308
13
267
83
188
350
80
62
213
372
343
269
151
275
28
332
94
232
252
230
234
72
237
159
200
258
228
182
128
257
108
26
323
79
122
313
362
380
352
316
141
24
292
153
183
163
336
290
9
298
67
134
166
266
70
46
261
100
283
17
218
307
249
150
236
132
187
110
277
32
10
61
255
373
140
111
260
25
247
342
222
15
291
273
370
115
242
27
5
268
121
95
250
263
84
375
86
202
87
92
54
