18
154
345
359
299
337
377
163
367
245
124
216
80
354
222
203
253
176
205
6
59
21
302
3
333
159
314
204
304
191
353
138
49
347
280
307
12
266
82
187
349
79
61
212
371
342
268
150
274
27
331
93
231
251
229
233
71
236
158
199
257
227
181
127
256
107
25
322
78
121
312
361
379
351
315
140
23
291
152
182
162
335
289
8
297
66
133
165
265
69
45
260
99
282
16
217
306
248
149
235
131
186
109
276
31
9
60
254
372
139
110
259
24
246
341
221
14
290
272
369
114
241
26
4
267
120
94
249
262
83
374
85
201
86
91
53
