1
3
4
5
7
8
11
12
15
17
20
21
30
41
43
46
50
51
52
55
56
57
59
61
63
66
70
72
73
74
75
77
78
80
82
84
85
87
88
91
92
93
96
98
99
100
101
102
104
105
112
114
115
116
118
119
124
125
126
127
129
130
133
135
137
138
139
141
143
144
146
149
151
156
157
158
162
163
164
165
166
168
169
171
172
176
177
178
180
182
183
186
188
189
191
194
196
197
198
201
202
205
206
207
208
211
212
213
214
215
216
217
221
223
224
226
228
229
230
231
232
234
235
237
242
244
245
255
256
258
259
260
261
265
266
267
271
272
273
275
278
281
283
284
285
288
289
290
291
296
297
298
299
300
301
304
307
309
311
312
313
314
315
316
318
329
330
331
335
336
337
338
339
341
342
343
345
350
351
357
358
360
362
363
364
368
369
370
372
373
376
378
382
388
389
390
391
392
393
394
396
401
402
404
407
408
409
411
413
415
416
417
420
421
422
423
424
425
429
434
435
437
441
443
445
448
449
452
456
457
459
460
462
464
466
467
469
471
474
475
491
494
495
496
497
502
503
504
510
512
514
518
519
522
525
526
527
530
531
532
533
535
536
537
539
540
542
543
544
545
550
551
555
556
558
560
563
564
565
567
568
569
571
572
576
578
584
588
593
596
598
599
601
602
603
604
605
611
612
615
618
619
621
622
624
627
630
632
634
638
640
641
644
647
652
655
658
661
663
664
665
666
668
669
671
673
674
678
681
687
688
690
691
694
696
701
702
704
705
706
708
710
713
715
716
719
722
723
726
728
730
731
732
733
734
735
737
738
740
746
747
749
753
754
755
757
760
762
765
766
773
777
778
780
781
785
786
787
788
789
792
793
797
798
799